20
4 5 5
2 2 2 2 1
2 3 5 5 1
2 3 5 5 1
2 3 4 4 5
4 5 4
2 2 2 2 1
2 3 4 4 1
2 3 4 4 1
2 3 1 3 4
2 2 2
1 1
1 2
4 5 3
1 1 1 2 2
1 1 1 2 2
2 2 2 3 3
2 2 2 3 3
6 6 3
1 1 1 2 2 2
1 1 1 2 2 2
1 1 1 2 2 2
2 2 2 3 3 3
2 2 2 3 3 3
2 2 2 3 3 3
3 3 3
1 1 1
1 2 2
1 3 3
16 15 5
3 3 3 3 3 2 2 2 2 2 1 1 1 1 1
3 3 3 3 3 2 2 2 2 2 1 1 1 1 1
3 3 3 3 3 2 2 2 2 2 1 1 1 1 1
3 3 3 3 3 2 2 2 2 2 1 1 1 1 1
3 3 3 3 3 2 2 2 2 2 1 1 1 1 1
3 3 3 3 3 2 2 2 2 2 1 1 1 1 1
3 3 3 3 3 2 2 2 2 2 1 1 1 1 1
3 3 3 3 3 2 2 2 2 2 1 1 1 1 1
3 3 3 3 3 2 2 2 2 2 1 1 1 1 1
3 3 3 3 3 2 2 2 2 2 1 1 1 1 1
3 3 3 3 3 2 2 2 2 2 1 1 1 1 1
3 3 3 3 3 2 2 2 2 2 1 1 1 1 1
3 3 3 3 3 2 2 2 2 2 1 1 1 1 1
3 3 3 3 3 2 2 2 2 2 1 1 1 1 1
3 3 3 3 3 2 2 2 4 5 1 1 1 1 1
2 2 2 2 2 1 1 1 1 1 2 2 2 2 2
8 8 12
2 2 3 3 4 4 5 5
2 2 3 3 4 4 5 5
6 6 7 7 8 8 9 9
6 6 7 7 8 8 9 9
10 10 11 11 12 12 1 1
10 10 11 11 12 12 1 1
5 5 6 6 7 7 8 8
9 9 10 10 11 11 12 12
10 10 20
2 2 3 3 4 4 5 5 6 6
2 2 3 3 4 4 5 5 6 6
7 7 8 8 9 9 10 10 11 11
7 7 8 8 9 9 10 10 11 11
12 12 13 13 14 14 15 15 16 16
12 12 13 13 14 14 15 15 16 16
17 17 18 18 19 19 20 20 1 1
17 17 18 18 19 19 20 20 1 1
2 2 3 3 4 4 5 5 6 6
2 2 3 3 4 4 5 5 6 6
12 12 25
1 1 2 2 3 3 4 4 5 5 6 6
1 1 2 2 3 3 4 4 5 5 6 6
7 7 8 8 9 9 10 10 11 11 12 12
7 7 8 8 9 9 10 10 11 11 12 12
13 13 14 14 15 15 16 16 17 17 18 18
13 13 14 14 15 15 16 16 17 17 18 18
19 19 20 20 21 21 22 22 23 23 24 24
19 19 20 20 21 21 22 22 23 23 24 24
25 25 1 1 2 2 3 3 4 4 5 5
25 25 1 1 2 2 3 3 4 4 5 5
6 6 7 7 8 8 9 9 10 10 11 11
12 12 13 13 14 14 15 15 16 16 17 17
12 15 30
1 1 2 2 3 3 4 4 5 5 6 6 7 7 8
1 1 2 2 3 3 4 4 5 5 6 6 7 7 8
9 9 10 10 11 11 12 12 13 13 14 14 15 15 16
9 9 10 10 11 11 12 12 13 13 14 14 15 15 16
17 17 18 18 19 19 20 20 21 21 22 22 23 23 24
17 17 18 18 19 19 20 20 21 21 22 22 23 23 24
25 25 26 26 27 27 28 28 29 29 30 30 1 1 2
25 25 26 26 27 27 28 28 29 29 30 30 1 1 2
3 3 4 4 5 5 6 6 7 7 8 8 9 9 10
11 11 12 12 13 13 14 14 15 15 16 16 17 17 18
19 19 20 20 21 21 22 22 23 23 24 24 25 25 26
27 27 28 28 29 29 30 30 1 1 2 2 3 3 4
29 30 25
14 18 2 9 7 25 11 16 5 8 4 6 3 10 21 17 15 1 22 12 19 13 23 24 20
9 1 8 7 3 25 19 22 5 18 24 13 2 6 4 20 17 10 11 12 16 21 14 15 23
13 19 25 1 2 6 14 21 22 17 9 3 12 10 18 20 15 23 24 5 7 11 8 4 16
3 25 18 8 9 24 7 4 13 6 11 16 21 15 2 20 5 10 1 14 23 19 22 12 17
16 14 24 3 11 13 19 7 23 18 20 15 25 5 9 12 4 21 1 6 17 22 2 8 10
22 5 11 18 7 2 1 4 21 6 20 17 25 13 9 24 12 10 14 15 19 16 3 23 8
19 18 8 4 20 10 25 5 9 6 24 21 15 12 16 17 7 11 1 2 14 3 13 23 22
10 6 2 11 25 20 15 22 18 17 8 12 7 14 4 23 5 21 19 9 3 16 13 24 1
1 13 12 2 22 25 23 18 8 10 19 3 15 20 6 14 16 24 21 9 7 17 11 4 5
11 15 18 8 4 12 3 20 5 6 9 21 22 17 1 13 24 19 16 25 7 2 10 23 14
6 20 24 9 13 21 17 12 10 25 8 2 4 19 15 14 23 7 22 3 5 18 16 1 11
7 9 22 1 19 23 3 12 5 10 15 20 17 4 18 8 21 6 14 25 24 16 11 13 2
2 10 24 22 19 14 15 7 8 25 21 12 11 6 9 5 13 4 18 23 16 3 17 1 20
21 11 25 20 13 7 14 17 19 9 8 10 16 6 15 24 3 5 12 22 1 2 4 23 18
12 7 3 25 6 21 18 1 20 5 9 16 4 13 14 11 8 22 17 23 2 19 24 15 10
8 23 14 9 5 7 12 1 2 4 21 6 17 25 10 22 20 3 19 13 11 16 15 18 24
5 21 16 6 9 11 20 7 3 24 22 14 17 19 4 13 23 8 12 25 10 15 1 18 2
24 23 17 13 9 15 11 5 6 25 8 14 10 19 7 2 22 12 21 18 16 4 3 20 1
25 3 10 22 20 13 23 5 19 4 8 17 11 16 14 18 24 6 7 12 21 15 2 1 9
23 4 9 25 19 16 8 5 13 18 20 14 3 6 11 15 1 10 22 2 21 12 7 24 17
20 5 3 8 18 23 10 9 14 19 25 1 2 11 7 17 13 4 21 16 22 12 24 6 15
6 10 15 1 24 20 5 18 12 4 16 8 25 2 9 14 7 11 19 22 23 21 3 17 13
3 11 15 24 6 17 23 20 8 1 19 5 4 18 13 14 12 2 7 22 25 10 21 9 16
11 19 25 18 21 17 15 24 7 10 4 2 12 3 13 20 1 8 6 23 14 16 9 22 5
15 20 2 11 12 4 21 13 17 9 19 16 18 25 6 8 14 23 7 1 5 3 22 24 10
16 1 4 25 5 19 11 23 10 18 15 13 22 20 14 8 17 7 2 9 21 6 12 24 3
17 8 9 23 12 19 6 24 14 21 11 18 25 15 5 2 3 4 20 1 7 13 22 10 16
9 6 4 12 7 2 5 18 16 15 14 20 10 3 22 24 25 11 21 19 8 13 1 23 17
25 21 4 12 10 13 11 19 8 5 22 2 17 14 1 9 6 15 18 23 16 7 3 24 20
22 24 24
18 5 10 3 20 13 16 9 19 2 21 4 6 1 12 7 22 8 11 15 24 14 17 23
9 17 18 5 6 23 11 12 19 20 10 15 14 13 2 7 8 1 4 16 22 21 24 3
7 12 22 15 10 21 1 5 3 18 6 11 8 19 14 4 16 24 20 13 23 9 2 17
11 15 16 7 18 9 5 13 22 24 1 6 8 10 2 23 12 4 3 20 17 19 14 21
13 19 2 22 12 18 24 8 21 17 9 11 4 3 14 10 20 16 5 23 15 1 6 7
21 7 3 16 17 19 13 11 4 2 5 9 24 18 20 12 6 14 15 10 22 8 23 1
8 22 4 21 9 6 5 19 15 20 17 3 16 14 11 18 23 12 10 24 2 13 7 1
17 13 19 8 14 24 1 15 6 21 3 7 20 10 16 11 22 5 4 23 9 18 2 12
24 3 6 4 2 5 11 8 13 15 19 22 12 20 14 18 1 23 16 17 10 21 7 9
22 5 7 9 3 18 16 21 10 23 11 4 19 8 15 14 2 1 6 20 24 17 13 12
14 18 13 2 24 3 15 7 23 1 5 11 17 9 8 12 22 19 10 16 20 21 4 6
1 16 17 12 9 20 24 8 2 7 4 21 10 6 23 18 13 14 15 3 22 19 5 11
20 9 23 1 13 10 2 6 8 11 22 15 4 17 12 21 3 14 18 19 7 24 16 5
15 8 19 23 5 7 17 20 24 13 4 21 9 12 2 6 10 3 1 22 14 11 16 18
4 1 14 18 17 2 22 10 11 19 20 23 15 16 5 24 7 8 21 12 3 13 6 9
3 20 15 11 16 14 7 4 12 6 18 24 21 22 9 1 5 17 2 8 13 23 19 10
19 2 1 17 11 12 3 16 21 8 7 14 18 23 10 5 9 24 13 6 22 4 20 15
12 4 5 20 8 17 9 23 18 16 2 1 5 15 7 3 24 21 22 11 19 14 6 13
5 10 8 14 4 22 21 3 20 12 15 16 2 7 19 13 17 18 9 14 6 24 1 11
6 14 9 10 7 8 18 22 17 4 12 19 23 5 3 16 24 11 1 21 1 20 15 13
23 11 20 6 15 16 12 1 14 9 13 5 7 21 22 19 4 2 24 18 8 10 17 3
10 21 11 13 1 4 20 18 16 14 8 2 22 24 17 15 6 7 12 5 3 9 23 19
6 8 25
1 2 3 4 5 6 7 8
9 10 11 12 13 14 15 16
17 18 19 20 21 22 23 24
25 1 2 3 4 5 6 7
8 9 10 11 12 13 14 15
16 17 18 19 20 21 22 23
9 9 27
1 2 3 4 5 6 7 8 9
10 11 12 13 14 15 16 17 18
19 20 21 22 23 24 25 26 27
1 2 3 4 5 6 7 8 9
10 11 12 13 14 15 16 17 18
19 20 21 22 23 24 25 26 27
1 2 3 4 5 6 7 8 9
10 11 12 13 14 15 16 17 18
19 20 21 22 23 24 25 26 27
3 2 3
1 1
2 2
3 3
4 5 15
1 2 3 4 5
6 15 7 8 14
10 11 12 13 14
9 3 7 3 5
2 3 3
1 3 2
1 2 2
1 3 2
1 2 1
6 8 5
1 1 1 1 3 3 3 3
1 1 1 1 3 3 3 3
1 1 2 2 2 2 2 3
1 1 2 2 2 2 2 3
4 4 2 2 2 2 2 5
4 4 2 2 2 2 2 5
